[parameters]
mission = "LISA"
thetaL = 1.7721542475852274
phiL = .4
thetaS = 1.2661036727794992
phiS = 0.5
M1 = 4.57334254e+29
M2 = 4.57334254e+29
MP = 1.8981245973360505e+27
Tobs = 126230400.0
Larm = 2500000000.0
NC = 2
thetaP = 1.5707963267948966
phiP = 1.5707963267948966
mode = 'l'
freqGW = 10e-3
sourceDistance = 3.085677581491367e+19
ig_direction = 0
LISAAlpha = 2
lightTwoWayTime = 15000
periodSamples = 20
AnalyticDerivatives=0
DerivativeDelta = 1e-6

[analysis]
PeriodList = 0.01,0.03,0.05,0.07,0.09,0.1,0.3,0.5,0.7,0.9,1.,2.,3.,4.,5.,6.,7.,8.,9.,10.,20.,30.,40.,50.,60.,70.,80.,90.
relativeSNR = 1e-1
allanDeviation=3e-15
PSDlevel = 9e-26
